     0/149    0.696G    0.0672   0.08047   0.01766    0.1653        34       416   0.01826    0.5164   0.05659   0.01454   0.07323    0.1909   0.01581
     1/149    0.591G   0.05844   0.07558    0.0154    0.1494        27       416   0.09545    0.4877     0.274   0.09106   0.06202    0.0644   0.01457
     2/149    0.593G   0.05972   0.08153   0.01421    0.1555        32       416   0.05642    0.4406    0.2299   0.06243   0.06634   0.07403   0.02131
     3/149    0.593G    0.0555   0.07376   0.01247    0.1417        76       416    0.1644    0.6968    0.5312    0.2066   0.04991   0.05262   0.01073
     4/149    0.593G   0.05139     0.077   0.01166      0.14        10       416    0.1861    0.6996    0.5372    0.2609   0.04457   0.05133   0.01261
     5/149    0.593G    0.0484   0.07688   0.01022    0.1355        25       416    0.2835    0.7411    0.6171      0.27   0.04402   0.04314  0.008169
     6/149    0.596G   0.04786   0.07289  0.008826    0.1296        20       416    0.2786     0.707    0.5777     0.255    0.0454   0.04424  0.008536
     7/149    0.596G   0.04638   0.06935  0.008206    0.1239        48       416    0.3253    0.6886     0.599    0.2711   0.04413    0.0442  0.007217
     8/149    0.596G   0.04557    0.0685  0.008056    0.1221        11       416    0.3604    0.6701    0.6128    0.2887   0.04416   0.04236  0.007899
     9/149    0.596G   0.04407    0.0674  0.007894    0.1194         8       416     0.348    0.7147    0.5842    0.2625   0.04573   0.04262  0.009083
    10/149    0.596G   0.04282   0.06545  0.007082    0.1154        31       416    0.3587     0.728    0.6774    0.3136   0.04209   0.04271  0.006299
    11/149    0.596G   0.04243   0.06706  0.007064    0.1166        18       416    0.3405    0.7073    0.6388    0.3091   0.04118   0.04247  0.007304
    12/149    0.596G   0.04368   0.07259  0.006916    0.1232        32       416    0.3971    0.6904    0.6474    0.3124    0.0412   0.04153   0.00632
    13/149    0.596G   0.04375   0.06798  0.007025    0.1188        16       416    0.3862    0.6999    0.6563    0.3165   0.04187   0.04141  0.006876
    14/149    0.596G   0.04199   0.06528  0.006846    0.1141        37       416     0.402    0.7344    0.6765     0.331   0.03932   0.04086  0.006227
    15/149    0.596G   0.04368    0.0643  0.006986     0.115        69       416    0.4777    0.6868    0.6552    0.3382   0.04021   0.04004  0.006938
    16/149    0.596G   0.04031   0.06463  0.006784    0.1117        25       416    0.3687    0.7496    0.6841    0.3559   0.03805   0.04046  0.006265
    17/149    0.596G   0.04041   0.06549   0.00626    0.1122         2       416    0.5313    0.7321    0.6991     0.334   0.04002      0.04  0.007731
    18/149    0.596G    0.0398   0.06415  0.006293    0.1102         7       416    0.5385     0.715    0.6948      0.35   0.03862   0.03939  0.005576
    19/149    0.596G   0.04146   0.06399  0.006397    0.1119        23       416    0.3825    0.7558    0.6887    0.3454   0.03927   0.04148   0.00516
    20/149    0.596G   0.04182   0.06891  0.006973    0.1177        25       416    0.5256    0.6812     0.656    0.3444   0.03803   0.04103  0.006772
    21/149    0.596G   0.04097   0.06635  0.006269    0.1136         9       416    0.3934    0.7331    0.6823    0.3465   0.03739   0.04118  0.006088
    22/149    0.596G   0.04008   0.06407   0.00666    0.1108        42       416    0.3924    0.7577    0.6801    0.3473   0.03819   0.04052  0.005666
    23/149    0.596G   0.03943   0.06511  0.005864    0.1104        54       416    0.5328    0.7467    0.7188    0.3606   0.03813   0.03963  0.005104
    24/149    0.596G   0.04036   0.06652  0.005499    0.1124        31       416    0.4746    0.7246    0.6896    0.3293   0.03788   0.03991  0.006152
    25/149    0.596G   0.03994   0.06378  0.006864    0.1106        26       416    0.5093     0.734    0.7141    0.3591   0.03837   0.04092  0.007365
    26/149    0.596G   0.03967   0.06496  0.005651    0.1103         9       416    0.3659    0.7621    0.7013    0.3669   0.03805   0.04082  0.005102
    27/149    0.596G   0.03843    0.0614  0.005733    0.1056        15       416    0.5464    0.7308    0.7083    0.3829   0.03532   0.03922  0.005438
    28/149    0.596G   0.03853   0.06442  0.005613    0.1086         4       416      0.58    0.7078    0.7057    0.3612   0.03655   0.03997  0.008056
    29/149    0.596G    0.0388   0.06149   0.00549    0.1058        14       416    0.5142    0.7547    0.7203    0.3698   0.03682   0.03899  0.005176
    30/149    0.596G   0.03924    0.0648  0.006012      0.11        10       416    0.4658    0.7684    0.7317    0.3864   0.03516   0.03973  0.005872
    31/149    0.596G   0.03855   0.06494  0.005549     0.109        25       416    0.4163    0.7778    0.7137    0.3475   0.03827   0.03906  0.005116
    32/149    0.596G   0.03827    0.0633  0.005872    0.1074        21       416     0.532    0.7285    0.7116    0.3825   0.03567   0.03976  0.005084
